Calculation: 10.00 / 3.00 / 3.00
Result: 1.111111

Calculation: 10000.00 / 10.00 / 10.00 / 10.00 / 10.00
Result: 1.000000

Calculation: 29.00 / 7.00 / 1.00 / 3.00
Result: 1.380952

